nohup: ignoring input
WARNING:tensorflow:From /home/jhong12/TOR-app-files/venv/lib/python3.6/site-packages/tensorflow/python/compat/v2_compat.py:96: disable_resource_variables (from tensorflow.python.ops.variable_scope) is deprecated and will be removed in a future version.
Instructions for updating:
non-resource variables are not supported in the long term
2021-02-23 22:59:23,595 INFO No environment variable 'TV_PLUGIN_DIR' found. Set to '/home/jhong12/tv-plugins'.
2021-02-23 22:59:23,595 INFO No environment variable 'TV_STEP_SHOW' found. Set to '50'.
2021-02-23 22:59:23,595 INFO No environment variable 'TV_STEP_EVAL' found. Set to '250'.
2021-02-23 22:59:23,595 INFO No environment variable 'TV_STEP_WRITE' found. Set to '1000'.
2021-02-23 22:59:23,595 INFO No environment variable 'TV_MAX_KEEP' found. Set to '10'.
2021-02-23 22:59:23,596 INFO No environment variable 'TV_STEP_STR' found. Set to 'Step {step}/{total_steps}: loss = {loss_value:.2f}; lr = {lr_value:.2e}; {sec_per_batch:.3f} sec (per Batch); {examples_per_sec:.1f} imgs/sec'.
2021-02-23 22:59:23,628 INFO f: <_io.TextIOWrapper name='RUNS/TOR_hand_all+TEgO_fcn8_10k_16_1e-5_450x450/model_files/hypes.json' mode='r' encoding='UTF-8'>
2021-02-23 22:59:23,629 INFO Hypes loaded successfully.
2021-02-23 22:59:23,639 INFO Modules loaded successfully. Starting to build tf graph.
npy file loaded
WARNING:tensorflow:From /home/jhong12/TOR-app-files/HandSegmentationFiles/HandSegIncludes/tensorflow_fcn/fcn8_vgg.py:284: calling Constant.__init__ (from tensorflow.python.ops.init_ops) with dtype is deprecated and will be removed in a future version.
Instructions for updating:
Call initializer instance with the dtype argument instead of passing it to the constructor
2021-02-23 22:59:24,862 WARNING From /home/jhong12/TOR-app-files/HandSegmentationFiles/HandSegIncludes/tensorflow_fcn/fcn8_vgg.py:284: calling Constant.__init__ (from tensorflow.python.ops.init_ops) with dtype is deprecated and will be removed in a future version.
Instructions for updating:
Call initializer instance with the dtype argument instead of passing it to the constructor
Layer name: conv1_1
Layer shape: (3, 3, 3, 64)
2021-02-23 22:59:24,868 INFO Creating Summary for: conv1_1/filter
2021-02-23 22:59:24,884 INFO Creating Summary for: conv1_1/biases
Layer name: conv1_2
Layer shape: (3, 3, 64, 64)
2021-02-23 22:59:24,914 INFO Creating Summary for: conv1_2/filter
2021-02-23 22:59:24,929 INFO Creating Summary for: conv1_2/biases
Layer name: conv2_1
Layer shape: (3, 3, 64, 128)
2021-02-23 22:59:24,957 INFO Creating Summary for: conv2_1/filter
2021-02-23 22:59:24,973 INFO Creating Summary for: conv2_1/biases
Layer name: conv2_2
Layer shape: (3, 3, 128, 128)
2021-02-23 22:59:25,002 INFO Creating Summary for: conv2_2/filter
2021-02-23 22:59:25,023 INFO Creating Summary for: conv2_2/biases
Layer name: conv3_1
Layer shape: (3, 3, 128, 256)
2021-02-23 22:59:25,057 INFO Creating Summary for: conv3_1/filter
2021-02-23 22:59:25,072 INFO Creating Summary for: conv3_1/biases
Layer name: conv3_2
Layer shape: (3, 3, 256, 256)
2021-02-23 22:59:25,107 INFO Creating Summary for: conv3_2/filter
2021-02-23 22:59:25,122 INFO Creating Summary for: conv3_2/biases
Layer name: conv3_3
Layer shape: (3, 3, 256, 256)
2021-02-23 22:59:25,155 INFO Creating Summary for: conv3_3/filter
2021-02-23 22:59:25,169 INFO Creating Summary for: conv3_3/biases
Layer name: conv4_1
Layer shape: (3, 3, 256, 512)
2021-02-23 22:59:25,211 INFO Creating Summary for: conv4_1/filter
2021-02-23 22:59:25,226 INFO Creating Summary for: conv4_1/biases
Layer name: conv4_2
Layer shape: (3, 3, 512, 512)
2021-02-23 22:59:25,287 INFO Creating Summary for: conv4_2/filter
2021-02-23 22:59:25,302 INFO Creating Summary for: conv4_2/biases
Layer name: conv4_3
Layer shape: (3, 3, 512, 512)
2021-02-23 22:59:25,352 INFO Creating Summary for: conv4_3/filter
2021-02-23 22:59:25,367 INFO Creating Summary for: conv4_3/biases
Layer name: conv5_1
Layer shape: (3, 3, 512, 512)
2021-02-23 22:59:25,418 INFO Creating Summary for: conv5_1/filter
2021-02-23 22:59:25,433 INFO Creating Summary for: conv5_1/biases
Layer name: conv5_2
Layer shape: (3, 3, 512, 512)
2021-02-23 22:59:25,487 INFO Creating Summary for: conv5_2/filter
2021-02-23 22:59:25,502 INFO Creating Summary for: conv5_2/biases
Layer name: conv5_3
Layer shape: (3, 3, 512, 512)
2021-02-23 22:59:25,663 INFO Creating Summary for: conv5_3/filter
2021-02-23 22:59:25,678 INFO Creating Summary for: conv5_3/biases
Layer name: fc6
Layer shape: [7, 7, 512, 4096]
2021-02-23 22:59:28,171 INFO Creating Summary for: fc6/weights
2021-02-23 22:59:28,188 INFO Creating Summary for: fc6/biases
Layer name: fc7
Layer shape: [1, 1, 4096, 4096]
2021-02-23 22:59:28,625 INFO Creating Summary for: fc7/weights
2021-02-23 22:59:28,640 INFO Creating Summary for: fc7/biases
2021-02-23 22:59:28,671 INFO Creating Summary for: score_fr/weights
2021-02-23 22:59:28,686 INFO Creating Summary for: score_fr/biases
WARNING:tensorflow:From /home/jhong12/TOR-app-files/venv/lib/python3.6/site-packages/tensorflow/python/util/dispatch.py:201: calling argmax (from tensorflow.python.ops.math_ops) with dimension is deprecated and will be removed in a future version.
Instructions for updating:
Use the `axis` argument instead
2021-02-23 22:59:28,710 WARNING From /home/jhong12/TOR-app-files/venv/lib/python3.6/site-packages/tensorflow/python/util/dispatch.py:201: calling argmax (from tensorflow.python.ops.math_ops) with dimension is deprecated and will be removed in a future version.
Instructions for updating:
Use the `axis` argument instead
2021-02-23 22:59:28,721 INFO Creating Summary for: upscore2/up_filter
2021-02-23 22:59:28,751 INFO Creating Summary for: score_pool4/weights
2021-02-23 22:59:28,766 INFO Creating Summary for: score_pool4/biases
2021-02-23 22:59:28,800 INFO Creating Summary for: upscore4/up_filter
2021-02-23 22:59:28,830 INFO Creating Summary for: score_pool3/weights
2021-02-23 22:59:28,845 INFO Creating Summary for: score_pool3/biases
2021-02-23 22:59:28,879 INFO Creating Summary for: upscore32/up_filter
2021-02-23 22:59:28,929 INFO Graph build successfully.
2021-02-23 22:59:34,321 INFO /home/kjlee/workspace/TOR/hand-guided/hypes/../RUNS/TOR_hand_all+TEgO_2019_03_14_12.33/model.ckpt-9999
INFO:tensorflow:Restoring parameters from RUNS/TOR_hand_all+TEgO_fcn8_10k_16_1e-5_450x450/model.ckpt-9999
2021-02-23 22:59:34,324 INFO Restoring parameters from RUNS/TOR_hand_all+TEgO_fcn8_10k_16_1e-5_450x450/model.ckpt-9999
2021-02-23 22:59:35,746 INFO Weights loaded successfully.
WARNING:tensorflow:From /home/jhong12/TOR-app-files/ObjectDetectionFiles/2_Training/src/keras_yolo3/yolo.py:50: The name tf.keras.backend.get_session is deprecated. Please use tf.compat.v1.keras.backend.get_session instead.

2021-02-23 22:59:35,749 WARNING From /home/jhong12/TOR-app-files/ObjectDetectionFiles/2_Training/src/keras_yolo3/yolo.py:50: The name tf.keras.backend.get_session is deprecated. Please use tf.compat.v1.keras.backend.get_session instead.

/home/jhong12/TOR-app-files/ObjectDetectionFiles/Data/Model_Weights/trained_weights_final.h5 model, anchors, and classes loaded in 6.98sec.
2021-02-23 22:59:43,606 INFO Running hand segmentation
2021-02-23 22:59:46,348 INFO Given threshold value: 0.500000
2021-02-23 22:59:46,349 INFO Max threshold value: 0.008426
blur: 7.391941701949089
(416, 416, 3)
Found 1 boxes for img
lacroixmango 0.85 (435, 58) (1129, 1257)
Time spent: 1.201sec
object detection: [{'xmin': 435, 'ymin': 58, 'xmax': 1129, 'ymax': 1257, 'class': 'lacroixmango', 'confidence': 0.852341}] (1920, 1440, 3)
run
{'userId': 'B2803393-73CE-4F25-B9F1-410D2A37D0DE', 'category': 'Spice', 'type': 'test', 'imgPath': '/home/jhong12/TOR-app-files/photo/TestFiles/B2803393-73CE-4F25-B9F1-410D2A37D0DE/Spice/step12-2021-02-23-22-59-57-0240.jpg'}
B2803393-73CE-4F25-B9F1-410D2A37D0DE test Spice /home/jhong12/TOR-app-files/photo/TestFiles/B2803393-73CE-4F25-B9F1-410D2A37D0DE/Spice/step12-2021-02-23-22-59-57-0240.jpg
load the graph

Evaluation time (1-image): 1.299s

!!!!!! session graph  1007 ['import/DecodeJpeg/contents', 'import/DecodeJpeg', 'import/Cast', 'import/final_matmul', 'import/add', 'import/final_result']
!!!!!! graph instance  1007 ['import/DecodeJpeg/contents', 'import/DecodeJpeg', 'import/Cast', 'import/final_biases', 'import/final_biases/read', 'import/final_matmul', 'import/add', 'import/final_result']
0.5996678-:-nut mix/0.8234532-:-chewy bar/0.11494095-:-baking soda/0.055744324-:-knife/0.005861555
{'userId': 'B2803393-73CE-4F25-B9F1-410D2A37D0DE', 'category': 'Spice', 'type': 'getSetDescriptor', 'object_name': 'Knife', 'time': '1614262042286'}
B2803393-73CE-4F25-B9F1-410D2A37D0DE getSetDescriptor Spice None
0 1
1 NoSide
2 0.0
3 0.0
4 0.0
5 0.020989403
6 0.8769357
7 0.48014918
8 0.0
9 0.0
10 0.0
11 0.0
12 0.0
13 0.0
14 0.0
15 0.0
16 0.0
17 simd_float4x4([[0.32214788, -0.46057287, 0.8270994, 0.0], [0.9464567, 0.13731872, -0.29217014, 0.0], [0.020989403, 0.8769357, 0.48014918, 0.0], [0.0, 0.0, 0.0, 1.0]])
18 simd_float4x4([[0.0, 0.0, 0.0, 0.0], [0.0, 0.0, 0.0, 0.0], [0.0, 0.0, 0.0, 0.0], [0.0, 0.0, 0.0, 0.0]])
19 simd_float4x4([[0.0, 0.0, 0.0, 0.0], [0.0, 0.0, 0.0, 0.0], [0.0, 0.0, 0.0, 0.0], [0.0, 0.0, 0.0, 0.0]])
20 False
21 False
22 False
23 False
24 {'hand_area': 0, 'blurriness': 3.63369138735966, 'boxes': [{'xmin': 388, 'ymin': 722, 'xmax': 1084, 'ymax': 951, 'class': 'dill', 'confidence': 0.4889918}, {'xmin': 388, 'ymin': 722, 'xmax': 1084, 'ymax': 951, 'class': 'cocacola', 'confidence': 0.34588173}], 'img_width': 1440, 'img_height': 1920}
25 1614138819331


0 2
1 NoSide
2 0.00579707
3 0.0042369645
4 0.0003689453
5 0.006376434
6 0.87698746
7 0.48047075
8 0.0
9 0.0
10 0.0
11 0.0
12 0.0
13 0.0
14 0.0
15 0.0
16 0.0
17 simd_float4x4([[0.32007688, -0.4569921, 0.82988495, 0.0], [0.9473701, 0.14849585, -0.2836174, 0.0], [0.006376434, 0.87698746, 0.48047075, 0.0], [0.00579707, 0.0042369645, 0.0003689453, 0.99999994]])
18 simd_float4x4([[0.0, 0.0, 0.0, 0.0], [0.0, 0.0, 0.0, 0.0], [0.0, 0.0, 0.0, 0.0], [0.0, 0.0, 0.0, 0.0]])
19 simd_float4x4([[0.0, 0.0, 0.0, 0.0], [0.0, 0.0, 0.0, 0.0], [0.0, 0.0, 0.0, 0.0], [0.0, 0.0, 0.0, 0.0]])
20 False
21 False
22 False
23 False
24 {'hand_area': 0, 'blurriness': 15.743536567089356, 'boxes': [{'xmin': 345, 'ymin': 722, 'xmax': 1055, 'ymax': 928, 'class': 'chickenbroth', 'confidence': 0.67225033}], 'img_width': 1440, 'img_height': 1920}
25 1614138820871


0 3
1 NoSide
2 0.0062081977
3 0.0048070266
4 0.0004940311
5 0.011638632
6 0.8762612
7 0.48169568
8 0.0
9 0.0
10 0.0
11 0.0
12 0.0
13 0.0
14 0.0
15 0.0
16 0.0
17 simd_float4x4([[0.3189743, -0.45981443, 0.8287497, 0.0], [0.9476919, 0.14400302, -0.2848564, 0.0], [0.011638632, 0.8762612, 0.48169568, 0.0], [0.0062081977, 0.0048070266, 0.0004940311, 0.9999999]])
18 simd_float4x4([[0.0, 0.0, 0.0, 0.0], [0.0, 0.0, 0.0, 0.0], [0.0, 0.0, 0.0, 0.0], [0.0, 0.0, 0.0, 0.0]])
19 simd_float4x4([[0.0, 0.0, 0.0, 0.0], [0.0, 0.0, 0.0, 0.0], [0.0, 0.0, 0.0, 0.0], [0.0, 0.0, 0.0, 0.0]])
20 False
21 False
22 False
23 False
24 {'hand_area': 0, 'blurriness': 16.219456993583265, 'boxes': [{'xmin': 350, 'ymin': 730, 'xmax': 1067, 'ymax': 931, 'class': 'chickenbroth', 'confidence': 0.48691803}], 'img_width': 1440, 'img_height': 1920}
25 1614138821281


0 4
1 NoSide
2 0.006136134
3 0.0049246005
4 0.00029180746
5 0.014034622
6 0.87815124
7 0.47817707
8 0.0
9 0.0
10 0.0
11 0.0
12 0.0
13 0.0
14 0.0
15 0.0
16 0.0
17 simd_float4x4([[0.3159685, -0.45761454, 0.8311153, 0.0], [0.94866586, 0.1394245, -0.2838906, 0.0], [0.014034622, 0.87815124, 0.47817707, 0.0], [0.006136134, 0.0049246005, 0.00029180746, 0.9999999]])
18 simd_float4x4([[0.0, 0.0, 0.0, 0.0], [0.0, 0.0, 0.0, 0.0], [0.0, 0.0, 0.0, 0.0], [0.0, 0.0, 0.0, 0.0]])
19 simd_float4x4([[0.0, 0.0, 0.0, 0.0], [0.0, 0.0, 0.0, 0.0], [0.0, 0.0, 0.0, 0.0], [0.0, 0.0, 0.0, 0.0]])
20 False
21 False
22 False
23 False
24 {'hand_area': 0, 'blurriness': 17.057681867150905, 'boxes': [{'xmin': 360, 'ymin': 729, 'xmax': 1061, 'ymax': 929, 'class': 'chickenbroth', 'confidence': 0.5548353}], 'img_width': 1440, 'img_height': 1920}
25 1614138821376


0 5
1 NoSide
2 0.006612438
3 0.005099358
4 -0.00013036281
5 0.013053405
6 0.87898844
7 0.47666427
8 0.0
9 0.0
10 0.0
11 0.0
12 0.0
13 0.0
14 0.0
15 0.0
16 0.0
17 simd_float4x4([[0.31161916, -0.45654026, 0.8333453, 0.0], [0.95011747, 0.13765971, -0.2798691, 0.0], [0.013053405, 0.87898844, 0.47666427, 0.0], [0.006612438, 0.005099358, -0.00013036281, 0.99999994]])
18 simd_float4x4([[0.0, 0.0, 0.0, 0.0], [0.0, 0.0, 0.0, 0.0], [0.0, 0.0, 0.0, 0.0], [0.0, 0.0, 0.0, 0.0]])
19 simd_float4x4([[0.0, 0.0, 0.0, 0.0], [0.0, 0.0, 0.0, 0.0], [0.0, 0.0, 0.0, 0.0], [0.0, 0.0, 0.0, 0.0]])
20 False
21 False
22 False
23 False
24 {'hand_area': 0, 'blurriness': 13.772647849696368, 'boxes': [{'xmin': 343, 'ymin': 727, 'xmax': 1062, 'ymax': 926, 'class': 'chickenbroth', 'confidence': 0.46061566}], 'img_width': 1440, 'img_height': 1920}
25 1614138821451


0 6
1 NoSide
2 0.006608098
3 0.004208607
4 -0.000697462
5 0.011516186
6 0.88077515
7 0.4733946
8 0.0
9 0.0
10 0.0
11 0.0
12 0.0
13 0.0
14 0.0
15 0.0
16 0.0
17 simd_float4x4([[0.30909386, -0.45337546, 0.8360093, 0.0], [0.9509618, 0.13669571, -0.27746338, 0.0], [0.011516186, 0.88077515, 0.4733946, 0.0], [0.006608098, 0.004208607, -0.000697462, 0.9999999]])
18 simd_float4x4([[0.0, 0.0, 0.0, 0.0], [0.0, 0.0, 0.0, 0.0], [0.0, 0.0, 0.0, 0.0], [0.0, 0.0, 0.0, 0.0]])
19 simd_float4x4([[0.0, 0.0, 0.0, 0.0], [0.0, 0.0, 0.0, 0.0], [0.0, 0.0, 0.0, 0.0], [0.0, 0.0, 0.0, 0.0]])
20 False
21 False
22 False
23 False
24 {'hand_area': 0, 'blurriness': 18.44080242413062, 'boxes': [{'xmin': 345, 'ymin': 717, 'xmax': 1048, 'ymax': 923, 'class': 'chickenbroth', 'confidence': 0.7505039}], 'img_width': 1440, 'img_height': 1920}
25 1614138821602


0 7
1 NoSide
2 0.006608098
3 0.004208607
4 -0.000697462
5 0.011516186
6 0.88077515
7 0.4733946
8 0.0
9 0.0
10 0.0
11 0.0
12 0.0
13 0.0
14 0.0
15 0.0
16 0.0
17 simd_float4x4([[0.30909386, -0.45337546, 0.8360093, 0.0], [0.9509618, 0.13669571, -0.27746338, 0.0], [0.011516186, 0.88077515, 0.4733946, 0.0], [0.006608098, 0.004208607, -0.000697462, 0.9999999]])
18 simd_float4x4([[0.0, 0.0, 0.0, 0.0], [0.0, 0.0, 0.0, 0.0], [0.0, 0.0, 0.0, 0.0], [0.0, 0.0, 0.0, 0.0]])
19 simd_float4x4([[0.0, 0.0, 0.0, 0.0], [0.0, 0.0, 0.0, 0.0], [0.0, 0.0, 0.0, 0.0], [0.0, 0.0, 0.0, 0.0]])
20 False
21 False
22 False
23 False
24 {'hand_area': 0, 'blurriness': 18.44080242413062, 'boxes': [{'xmin': 345, 'ymin': 717, 'xmax': 1048, 'ymax': 923, 'class': 'chickenbroth', 'confidence': 0.7505039}], 'img_width': 1440, 'img_height': 1920}
25 1614138821806


0 8
1 NoSide
2 0.006608098
3 0.004208607
4 -0.000697462
5 0.011516186
6 0.88077515
7 0.4733946
8 0.0
9 0.0
10 0.0
11 0.0
12 0.0
13 0.0
14 0.0
15 0.0
16 0.0
17 simd_float4x4([[0.30909386, -0.45337546, 0.8360093, 0.0], [0.9509618, 0.13669571, -0.27746338, 0.0], [0.011516186, 0.88077515, 0.4733946, 0.0], [0.006608098, 0.004208607, -0.000697462, 0.9999999]])
18 simd_float4x4([[0.0, 0.0, 0.0, 0.0], [0.0, 0.0, 0.0, 0.0], [0.0, 0.0, 0.0, 0.0], [0.0, 0.0, 0.0, 0.0]])
19 simd_float4x4([[0.0, 0.0, 0.0, 0.0], [0.0, 0.0, 0.0, 0.0], [0.0, 0.0, 0.0, 0.0], [0.0, 0.0, 0.0, 0.0]])
20 False
21 False
22 False
23 False
24 {'hand_area': 0, 'blurriness': 18.44080242413062, 'boxes': [{'xmin': 345, 'ymin': 717, 'xmax': 1048, 'ymax': 923, 'class': 'chickenbroth', 'confidence': 0.7505039}], 'img_width': 1440, 'img_height': 1920}
25 1614138821978


0 9
1 NoSide
2 0.0070036626
3 0.00428628
4 -0.00100068
5 0.017041255
6 0.8816217
7 0.47164863
8 0.0
9 0.0
10 0.0
11 0.0
12 0.0
13 0.0
14 0.0
15 0.0
16 0.0
17 simd_float4x4([[0.30409706, -0.45394045, 0.8375338, 0.0], [0.9524885, 0.12915432, -0.27583435, 0.0], [0.017041255, 0.8816217, 0.47164863, 0.0], [0.0070036626, 0.00428628, -0.00100068, 0.99999994]])
18 simd_float4x4([[0.0, 0.0, 0.0, 0.0], [0.0, 0.0, 0.0, 0.0], [0.0, 0.0, 0.0, 0.0], [0.0, 0.0, 0.0, 0.0]])
19 simd_float4x4([[0.0, 0.0, 0.0, 0.0], [0.0, 0.0, 0.0, 0.0], [0.0, 0.0, 0.0, 0.0], [0.0, 0.0, 0.0, 0.0]])
20 False
21 False
22 False
23 False
24 {'hand_area': 0, 'blurriness': 19.183555269385234, 'boxes': [{'xmin': 348, 'ymin': 719, 'xmax': 1048, 'ymax': 929, 'class': 'chickenbroth', 'confidence': 0.8093837}], 'img_width': 1440, 'img_height': 1920}
25 1614138822380


0 10
1 NoSide
2 0.0070036626
3 0.00428628
4 -0.00100068
5 0.017041255
6 0.8816217
7 0.47164863
8 0.0
9 0.0
10 0.0
11 0.0
12 0.0
13 0.0
14 0.0
15 0.0
16 0.0
17 simd_float4x4([[0.30409706, -0.45394045, 0.8375338, 0.0], [0.9524885, 0.12915432, -0.27583435, 0.0], [0.017041255, 0.8816217, 0.47164863, 0.0], [0.0070036626, 0.00428628, -0.00100068, 0.99999994]])
18 simd_float4x4([[0.0, 0.0, 0.0, 0.0], [0.0, 0.0, 0.0, 0.0], [0.0, 0.0, 0.0, 0.0], [0.0, 0.0, 0.0, 0.0]])
19 simd_float4x4([[0.0, 0.0, 0.0, 0.0], [0.0, 0.0, 0.0, 0.0], [0.0, 0.0, 0.0, 0.0], [0.0, 0.0, 0.0, 0.0]])
20 False
21 False
22 False
23 False
24 {'hand_area': 0, 'blurriness': 19.183555269385234, 'boxes': [{'xmin': 348, 'ymin': 719, 'xmax': 1048, 'ymax': 929, 'class': 'chickenbroth', 'confidence': 0.8093837}], 'img_width': 1440, 'img_height': 1920}
25 1614138822634


0 11
1 NoSide
2 0.007896104
3 0.0045980867
4 -0.0011667572
5 0.020784868
6 0.8822583
7 0.47030637
8 0.0
9 0.0
10 0.0
11 0.0
12 0.0
13 0.0
14 0.0
15 0.0
16 0.0
17 simd_float4x4([[0.30178043, -0.45400295, 0.83833754, 0.0], [0.95315087, 0.124504514, -0.2756847, 0.0], [0.020784868, 0.8822583, 0.47030637, 0.0], [0.007896104, 0.0045980867, -0.0011667572, 0.99999994]])
18 simd_float4x4([[0.0, 0.0, 0.0, 0.0], [0.0, 0.0, 0.0, 0.0], [0.0, 0.0, 0.0, 0.0], [0.0, 0.0, 0.0, 0.0]])
19 simd_float4x4([[0.0, 0.0, 0.0, 0.0], [0.0, 0.0, 0.0, 0.0], [0.0, 0.0, 0.0, 0.0], [0.0, 0.0, 0.0, 0.0]])
20 False
21 False
22 False
23 False
24 {'hand_area': 0, 'blurriness': 14.816567797906897, 'boxes': [{'xmin': 352, 'ymin': 712, 'xmax': 1053, 'ymax': 920, 'class': 'chickenbroth', 'confidence': 0.6091172}], 'img_width': 1440, 'img_height': 1920}
25 1614138823036


0 12
1 NoSide
2 0.007896104
3 0.0045980867
4 -0.0011667572
5 0.020784868
6 0.8822583
7 0.47030637
8 0.0
9 0.0
10 0.0
11 0.0
12 0.0
13 0.0
14 0.0
15 0.0
16 0.0
17 simd_float4x4([[0.30178043, -0.45400295, 0.83833754, 0.0], [0.95315087, 0.124504514, -0.2756847, 0.0], [0.020784868, 0.8822583, 0.47030637, 0.0], [0.007896104, 0.0045980867, -0.0011667572, 0.99999994]])
18 simd_float4x4([[0.0, 0.0, 0.0, 0.0], [0.0, 0.0, 0.0, 0.0], [0.0, 0.0, 0.0, 0.0], [0.0, 0.0, 0.0, 0.0]])
19 simd_float4x4([[0.0, 0.0, 0.0, 0.0], [0.0, 0.0, 0.0, 0.0], [0.0, 0.0, 0.0, 0.0], [0.0, 0.0, 0.0, 0.0]])
20 False
21 False
22 False
23 False
24 {'hand_area': 0, 'blurriness': 14.816567797906897, 'boxes': [{'xmin': 352, 'ymin': 712, 'xmax': 1053, 'ymax': 920, 'class': 'chickenbroth', 'confidence': 0.6091172}], 'img_width': 1440, 'img_height': 1920}
25 1614138823355


0 13
1 NoSide
2 0.007896104
3 0.0045980867
4 -0.0011667572
5 0.020784868
6 0.8822583
7 0.47030637
8 0.0
9 0.0
10 0.0
11 0.0
12 0.0
13 0.0
14 0.0
15 0.0
16 0.0
17 simd_float4x4([[0.30178043, -0.45400295, 0.83833754, 0.0], [0.95315087, 0.124504514, -0.2756847, 0.0], [0.020784868, 0.8822583, 0.47030637, 0.0], [0.007896104, 0.0045980867, -0.0011667572, 0.99999994]])
18 simd_float4x4([[0.0, 0.0, 0.0, 0.0], [0.0, 0.0, 0.0, 0.0], [0.0, 0.0, 0.0, 0.0], [0.0, 0.0, 0.0, 0.0]])
19 simd_float4x4([[0.0, 0.0, 0.0, 0.0], [0.0, 0.0, 0.0, 0.0], [0.0, 0.0, 0.0, 0.0], [0.0, 0.0, 0.0, 0.0]])
20 False
21 False
22 False
23 False
24 {'hand_area': 0, 'blurriness': 14.816567797906897, 'boxes': [{'xmin': 352, 'ymin': 712, 'xmax': 1053, 'ymax': 920, 'class': 'chickenbroth', 'confidence': 0.6091172}], 'img_width': 1440, 'img_height': 1920}
25 1614138823625


0 14
1 NoSide
2 0.008984952
3 0.005823491
4 -0.0010708086
5 0.021444192
6 0.8804054
7 0.47373658
8 0.0
9 0.0
10 0.0
11 0.0
12 0.0
13 0.0
14 0.0
15 0.0
16 0.0
17 simd_float4x4([[0.3008505, -0.45756507, 0.8367336, 0.0], [0.9534302, 0.12458081, -0.27468255, 0.0], [0.021444192, 0.8804054, 0.47373658, 0.0], [0.008984952, 0.005823491, -0.0010708086, 0.99999994]])
18 simd_float4x4([[0.0, 0.0, 0.0, 0.0], [0.0, 0.0, 0.0, 0.0], [0.0, 0.0, 0.0, 0.0], [0.0, 0.0, 0.0, 0.0]])
19 simd_float4x4([[0.0, 0.0, 0.0, 0.0], [0.0, 0.0, 0.0, 0.0], [0.0, 0.0, 0.0, 0.0], [0.0, 0.0, 0.0, 0.0]])
20 False
21 False
22 False
23 False
24 {'hand_area': 0, 'blurriness': 17.006037164624797, 'boxes': [{'xmin': 335, 'ymin': 725, 'xmax': 1048, 'ymax': 925, 'class': 'chickenbroth', 'confidence': 0.6268063}], 'img_width': 1440, 'img_height': 1920}
25 1614138824090


0 15
1 NoSide
2 0.008984952
3 0.005823491
4 -0.0010708086
5 0.021444192
6 0.8804054
7 0.47373658
8 0.0
9 0.0
10 0.0
11 0.0
12 0.0
13 0.0
14 0.0
15 0.0
16 0.0
17 simd_float4x4([[0.3008505, -0.45756507, 0.8367336, 0.0], [0.9534302, 0.12458081, -0.27468255, 0.0], [0.021444192, 0.8804054, 0.47373658, 0.0], [0.008984952, 0.005823491, -0.0010708086, 0.99999994]])
18 simd_float4x4([[0.0, 0.0, 0.0, 0.0], [0.0, 0.0, 0.0, 0.0], [0.0, 0.0, 0.0, 0.0], [0.0, 0.0, 0.0, 0.0]])
19 simd_float4x4([[0.0, 0.0, 0.0, 0.0], [0.0, 0.0, 0.0, 0.0], [0.0, 0.0, 0.0, 0.0], [0.0, 0.0, 0.0, 0.0]])
20 False
21 False
22 False
23 False
24 {'hand_area': 0, 'blurriness': 17.006037164624797, 'boxes': [{'xmin': 335, 'ymin': 725, 'xmax': 1048, 'ymax': 925, 'class': 'chickenbroth', 'confidence': 0.6268063}], 'img_width': 1440, 'img_height': 1920}
25 1614138824318


0 16
1 NoSide
2 0.008984952
3 0.005823491
4 -0.0010708086
5 0.021444192
6 0.8804054
7 0.47373658
8 0.0
9 0.0
10 0.0
11 0.0
12 0.0
13 0.0
14 0.0
15 0.0
16 0.0
17 simd_float4x4([[0.3008505, -0.45756507, 0.8367336, 0.0], [0.9534302, 0.12458081, -0.27468255, 0.0], [0.021444192, 0.8804054, 0.47373658, 0.0], [0.008984952, 0.005823491, -0.0010708086, 0.99999994]])
18 simd_float4x4([[0.0, 0.0, 0.0, 0.0], [0.0, 0.0, 0.0, 0.0], [0.0, 0.0, 0.0, 0.0], [0.0, 0.0, 0.0, 0.0]])
19 simd_float4x4([[0.0, 0.0, 0.0, 0.0], [0.0, 0.0, 0.0, 0.0], [0.0, 0.0, 0.0, 0.0], [0.0, 0.0, 0.0, 0.0]])
20 False
21 False
22 False
23 False
24 {'hand_area': 0, 'blurriness': 17.006037164624797, 'boxes': [{'xmin': 335, 'ymin': 725, 'xmax': 1048, 'ymax': 925, 'class': 'chickenbroth', 'confidence': 0.6268063}], 'img_width': 1440, 'img_height': 1920}
25 1614138824631


0 17
1 NoSide
2 0.008846857
3 0.005851425
4 -0.0011062808
5 0.031517237
6 0.879681
7 0.47451872
8 0.0
9 0.0
10 0.0
11 0.0
12 0.0
13 0.0
14 0.0
15 0.0
16 0.0
17 simd_float4x4([[0.30160707, -0.46099424, 0.8345762, 0.0], [0.95291126, 0.11681464, -0.2798473, 0.0], [0.031517237, 0.879681, 0.47451872, 0.0], [0.008846857, 0.005851425, -0.0011062808, 0.99999994]])
18 simd_float4x4([[0.0, 0.0, 0.0, 0.0], [0.0, 0.0, 0.0, 0.0], [0.0, 0.0, 0.0, 0.0], [0.0, 0.0, 0.0, 0.0]])
19 simd_float4x4([[0.0, 0.0, 0.0, 0.0], [0.0, 0.0, 0.0, 0.0], [0.0, 0.0, 0.0, 0.0], [0.0, 0.0, 0.0, 0.0]])
20 False
21 False
22 False
23 False
24 {'hand_area': 0, 'blurriness': 15.445656342142856, 'boxes': [{'xmin': 338, 'ymin': 727, 'xmax': 1050, 'ymax': 925, 'class': 'chickenbroth', 'confidence': 0.69189763}], 'img_width': 1440, 'img_height': 1920}
25 1614138824937


0 18
1 NoSide
2 0.008846857
3 0.005851425
4 -0.0011062808
5 0.031517237
6 0.879681
7 0.47451872
8 0.0
9 0.0
10 0.0
11 0.0
12 0.0
13 0.0
14 0.0
15 0.0
16 0.0
17 simd_float4x4([[0.30160707, -0.46099424, 0.8345762, 0.0], [0.95291126, 0.11681464, -0.2798473, 0.0], [0.031517237, 0.879681, 0.47451872, 0.0], [0.008846857, 0.005851425, -0.0011062808, 0.99999994]])
18 simd_float4x4([[0.0, 0.0, 0.0, 0.0], [0.0, 0.0, 0.0, 0.0], [0.0, 0.0, 0.0, 0.0], [0.0, 0.0, 0.0, 0.0]])
19 simd_float4x4([[0.0, 0.0, 0.0, 0.0], [0.0, 0.0, 0.0, 0.0], [0.0, 0.0, 0.0, 0.0], [0.0, 0.0, 0.0, 0.0]])
20 False
21 False
22 False
23 False
24 {'hand_area': 0, 'blurriness': 15.445656342142856, 'boxes': [{'xmin': 338, 'ymin': 727, 'xmax': 1050, 'ymax': 925, 'class': 'chickenbroth', 'confidence': 0.69189763}], 'img_width': 1440, 'img_height': 1920}
25 1614138825360


0 19
1 NoSide
2 0.014074679
3 0.008960392
4 -0.0045399256
5 0.040239234
6 0.8801362
7 0.4730127
8 0.0
9 0.0
10 0.0
11 0.0
12 0.0
13 0.0
14 0.0
15 0.0
16 0.0
17 simd_float4x4([[0.2823613, -0.4641171, 0.8395638, 0.0], [0.9584638, 0.09977707, -0.26719213, 0.0], [0.040239234, 0.8801362, 0.4730127, 0.0], [0.014074679, 0.008960392, -0.0045399256, 0.99999994]])
18 simd_float4x4([[0.0, 0.0, 0.0, 0.0], [0.0, 0.0, 0.0, 0.0], [0.0, 0.0, 0.0, 0.0], [0.0, 0.0, 0.0, 0.0]])
19 simd_float4x4([[0.0, 0.0, 0.0, 0.0], [0.0, 0.0, 0.0, 0.0], [0.0, 0.0, 0.0, 0.0], [0.0, 0.0, 0.0, 0.0]])
20 True
21 False
22 False
23 False
24 {'hand_area': 79132, 'blurriness': 10.980086432787814, 'boxes': [], 'img_width': 1440, 'img_height': 1920}
25 1614138828774


0 20
1 NoSide
2 0.012887098
3 0.012625382
4 -0.0012291652
5 0.048622634
6 0.8755125
7 0.48074284
8 0.0
9 0.0
10 0.0
11 0.0
12 0.0
13 0.0
14 0.0
15 0.0
16 0.0
17 simd_float4x4([[0.2916107, -0.47278538, 0.83152705, 0.0], [0.9553005, 0.09975871, -0.27829686, 0.0], [0.048622634, 0.8755125, 0.48074284, 0.0], [0.012887098, 0.012625382, -0.0012291652, 0.9999999]])
18 simd_float4x4([[0.0, 0.0, 0.0, 0.0], [0.0, 0.0, 0.0, 0.0], [0.0, 0.0, 0.0, 0.0], [0.0, 0.0, 0.0, 0.0]])
19 simd_float4x4([[0.0, 0.0, 0.0, 0.0], [0.0, 0.0, 0.0, 0.0], [0.0, 0.0, 0.0, 0.0], [0.0, 0.0, 0.0, 0.0]])
20 False
21 False
22 False
23 False
24 {'hand_area': 0, 'blurriness': 6.475594199553309, 'boxes': [], 'img_width': 1440, 'img_height': 1920}
25 1614138830423


0 21
1 NoSide
2 0.011264105
3 0.013495513
4 0.0001893359
5 0.046308342
6 0.8761091
7 0.47988364
8 0.0
9 0.0
10 0.0
11 0.0
12 0.0
13 0.0
14 0.0
15 0.0
16 0.0
17 simd_float4x4([[0.29673046, -0.47077942, 0.8308536, 0.0], [0.9538378, 0.10392063, -0.28176928, 0.0], [0.046308342, 0.8761091, 0.47988364, 0.0], [0.011264105, 0.013495513, 0.0001893359, 0.9999999]])
18 simd_float4x4([[0.0, 0.0, 0.0, 0.0], [0.0, 0.0, 0.0, 0.0], [0.0, 0.0, 0.0, 0.0], [0.0, 0.0, 0.0, 0.0]])
19 simd_float4x4([[0.0, 0.0, 0.0, 0.0], [0.0, 0.0, 0.0, 0.0], [0.0, 0.0, 0.0, 0.0], [0.0, 0.0, 0.0, 0.0]])
20 False
21 False
22 False
23 False
24 {'hand_area': 0, 'blurriness': 4.86003395604054, 'boxes': [], 'img_width': 1440, 'img_height': 1920}
25 1614138830640


0 22
1 NoSide
2 0.011264105
3 0.013495513
4 0.0001893359
5 0.046308342
6 0.8761091
7 0.47988364
8 0.0
9 0.0
10 0.0
11 0.0
12 0.0
13 0.0
14 0.0
15 0.0
16 0.0
17 simd_float4x4([[0.29673046, -0.47077942, 0.8308536, 0.0], [0.9538378, 0.10392063, -0.28176928, 0.0], [0.046308342, 0.8761091, 0.47988364, 0.0], [0.011264105, 0.013495513, 0.0001893359, 0.9999999]])
18 simd_float4x4([[0.0, 0.0, 0.0, 0.0], [0.0, 0.0, 0.0, 0.0], [0.0, 0.0, 0.0, 0.0], [0.0, 0.0, 0.0, 0.0]])
19 simd_float4x4([[0.0, 0.0, 0.0, 0.0], [0.0, 0.0, 0.0, 0.0], [0.0, 0.0, 0.0, 0.0], [0.0, 0.0, 0.0, 0.0]])
20 False
21 False
22 False
23 False
24 {'hand_area': 0, 'blurriness': 4.86003395604054, 'boxes': [], 'img_width': 1440, 'img_height': 1920}
25 1614138830827


0 23
1 NoSide
2 0.013257303
3 0.014408216
4 4.7713518e-05
5 0.06089711
6 0.8703458
7 0.48866117
8 0.0
9 0.0
10 0.0
11 0.0
12 0.0
13 0.0
14 0.0
15 0.0
16 0.0
17 simd_float4x4([[0.28640983, -0.48421896, 0.82674146, 0.0], [0.95616996, 0.08961119, -0.27876315, 0.0], [0.06089711, 0.8703458, 0.48866117, 0.0], [0.013257303, 0.014408216, 4.7713518e-05, 0.99999994]])
18 simd_float4x4([[0.0, 0.0, 0.0, 0.0], [0.0, 0.0, 0.0, 0.0], [0.0, 0.0, 0.0, 0.0], [0.0, 0.0, 0.0, 0.0]])
19 simd_float4x4([[0.0, 0.0, 0.0, 0.0], [0.0, 0.0, 0.0, 0.0], [0.0, 0.0, 0.0, 0.0], [0.0, 0.0, 0.0, 0.0]])
20 False
21 False
22 False
23 False
24 {'hand_area': 0, 'blurriness': 14.933972074982224, 'boxes': [{'xmin': 344, 'ymin': 740, 'xmax': 1024, 'ymax': 937, 'class': 'chickenbroth', 'confidence': 0.40212435}], 'img_width': 1440, 'img_height': 1920}
25 1614138831073


0 24
1 NoSide
2 0.014739906
3 0.015880795
4 0.0004716555
5 0.06349614
6 0.8685823
7 0.49146003
8 0.0
9 0.0
10 0.0
11 0.0
12 0.0
13 0.0
14 0.0
15 0.0
16 0.0
17 simd_float4x4([[0.28411222, -0.48780897, 0.8254227, 0.0], [0.95668626, 0.08721862, -0.27774885, 0.0], [0.06349614, 0.8685823, 0.49146003, 0.0], [0.014739906, 0.015880795, 0.0004716555, 1.0]])
18 simd_float4x4([[0.0, 0.0, 0.0, 0.0], [0.0, 0.0, 0.0, 0.0], [0.0, 0.0, 0.0, 0.0], [0.0, 0.0, 0.0, 0.0]])
19 simd_float4x4([[0.0, 0.0, 0.0, 0.0], [0.0, 0.0, 0.0, 0.0], [0.0, 0.0, 0.0, 0.0], [0.0, 0.0, 0.0, 0.0]])
20 False
21 False
22 False
23 False
24 {'hand_area': 0, 'blurriness': 20.729594151584024, 'boxes': [{'xmin': 354, 'ymin': 748, 'xmax': 1008, 'ymax': 949, 'class': 'chickenbroth', 'confidence': 0.42865524}], 'img_width': 1440, 'img_height': 1920}
25 1614138831261


0 25
1 NoSide
2 0.014739906
3 0.015880795
4 0.0004716555
5 0.06349614
6 0.8685823
7 0.49146003
8 0.0
9 0.0
10 0.0
11 0.0
12 0.0
13 0.0
14 0.0
15 0.0
16 0.0
17 simd_float4x4([[0.28411222, -0.48780897, 0.8254227, 0.0], [0.95668626, 0.08721862, -0.27774885, 0.0], [0.06349614, 0.8685823, 0.49146003, 0.0], [0.014739906, 0.015880795, 0.0004716555, 1.0]])
18 simd_float4x4([[0.0, 0.0, 0.0, 0.0], [0.0, 0.0, 0.0, 0.0], [0.0, 0.0, 0.0, 0.0], [0.0, 0.0, 0.0, 0.0]])
19 simd_float4x4([[0.0, 0.0, 0.0, 0.0], [0.0, 0.0, 0.0, 0.0], [0.0, 0.0, 0.0, 0.0], [0.0, 0.0, 0.0, 0.0]])
20 False
21 False
22 False
23 False
24 {'hand_area': 0, 'blurriness': 20.729594151584024, 'boxes': [{'xmin': 354, 'ymin': 748, 'xmax': 1008, 'ymax': 949, 'class': 'chickenbroth', 'confidence': 0.42865524}], 'img_width': 1440, 'img_height': 1920}
25 1614138831466


0 26
1 NoSide
2 0.014990859
3 0.016518816
4 0.0002367273
5 0.071950726
6 0.86644584
7 0.4940592
8 0.0
9 0.0
10 0.0
11 0.0
12 0.0
13 0.0
14 0.0
15 0.0
16 0.0
17 simd_float4x4([[0.28257433, -0.49275598, 0.8230086, 0.0], [0.95654315, 0.08039237, -0.2802895, 0.0], [0.071950726, 0.86644584, 0.4940592, 0.0], [0.014990859, 0.016518816, 0.0002367273, 0.99999994]])
18 simd_float4x4([[0.0, 0.0, 0.0, 0.0], [0.0, 0.0, 0.0, 0.0], [0.0, 0.0, 0.0, 0.0], [0.0, 0.0, 0.0, 0.0]])
19 simd_float4x4([[0.0, 0.0, 0.0, 0.0], [0.0, 0.0, 0.0, 0.0], [0.0, 0.0, 0.0, 0.0], [0.0, 0.0, 0.0, 0.0]])
20 False
21 False
22 False
23 False
24 {'hand_area': 0, 'blurriness': 20.8753023685403, 'boxes': [{'xmin': 354, 'ymin': 751, 'xmax': 1013, 'ymax': 958, 'class': 'chickenbroth', 'confidence': 0.5131642}], 'img_width': 1440, 'img_height': 1920}
25 1614138831972


0 27
1 NoSide
2 0.014884129
3 0.016370418
4 4.6679637e-05
5 0.07181956
6 0.8665572
7 0.49388307
8 0.0
9 0.0
10 0.0
11 0.0
12 0.0
13 0.0
14 0.0
15 0.0
16 0.0
17 simd_float4x4([[0.2805637, -0.4927201, 0.82371765, 0.0], [0.9571447, 0.07940663, -0.27851146, 0.0], [0.07181956, 0.8665572, 0.49388307, 0.0], [0.014884129, 0.016370418, 4.6679637e-05, 0.9999999]])
18 simd_float4x4([[0.0, 0.0, 0.0, 0.0], [0.0, 0.0, 0.0, 0.0], [0.0, 0.0, 0.0, 0.0], [0.0, 0.0, 0.0, 0.0]])
19 simd_float4x4([[0.0, 0.0, 0.0, 0.0], [0.0, 0.0, 0.0, 0.0], [0.0, 0.0, 0.0, 0.0], [0.0, 0.0, 0.0, 0.0]])
20 False
21 False
22 False
23 False
24 {'hand_area': 0, 'blurriness': 21.605528416809033, 'boxes': [{'xmin': 349, 'ymin': 752, 'xmax': 1013, 'ymax': 960, 'class': 'chickenbroth', 'confidence': 0.52884334}], 'img_width': 1440, 'img_height': 1920}
25 1614138832133


0 28
1 NoSide
2 0.014884129
3 0.016370418
4 4.6679637e-05
5 0.07181956
6 0.8665572
7 0.49388307
8 0.0
9 0.0
10 0.0
11 0.0
12 0.0
13 0.0
14 0.0
15 0.0
16 0.0
17 simd_float4x4([[0.2805637, -0.4927201, 0.82371765, 0.0], [0.9571447, 0.07940663, -0.27851146, 0.0], [0.07181956, 0.8665572, 0.49388307, 0.0], [0.014884129, 0.016370418, 4.6679637e-05, 0.9999999]])
18 simd_float4x4([[0.0, 0.0, 0.0, 0.0], [0.0, 0.0, 0.0, 0.0], [0.0, 0.0, 0.0, 0.0], [0.0, 0.0, 0.0, 0.0]])
19 simd_float4x4([[0.0, 0.0, 0.0, 0.0], [0.0, 0.0, 0.0, 0.0], [0.0, 0.0, 0.0, 0.0], [0.0, 0.0, 0.0, 0.0]])
20 False
21 False
22 False
23 False
24 {'hand_area': 0, 'blurriness': 21.605528416809033, 'boxes': [{'xmin': 349, 'ymin': 752, 'xmax': 1013, 'ymax': 960, 'class': 'chickenbroth', 'confidence': 0.52884334}], 'img_width': 1440, 'img_height': 1920}
25 1614138832312


0 29
1 NoSide
2 0.015161107
3 0.01729771
4 0.00020018022
5 0.07450186
6 0.8646986
7 0.4967352
8 0.0
9 0.0
10 0.0
11 0.0
12 0.0
13 0.0
14 0.0
15 0.0
16 0.0
17 simd_float4x4([[0.27758464, -0.49641475, 0.8225078, 0.0], [0.957808, 0.07660768, -0.27701086, 0.0], [0.07450186, 0.8646986, 0.4967352, 0.0], [0.015161107, 0.01729771, 0.00020018022, 0.9999999]])
18 simd_float4x4([[0.0, 0.0, 0.0, 0.0], [0.0, 0.0, 0.0, 0.0], [0.0, 0.0, 0.0, 0.0], [0.0, 0.0, 0.0, 0.0]])
19 simd_float4x4([[0.0, 0.0, 0.0, 0.0], [0.0, 0.0, 0.0, 0.0], [0.0, 0.0, 0.0, 0.0], [0.0, 0.0, 0.0, 0.0]])
20 False
21 False
22 False
23 False
24 {'hand_area': 0, 'blurriness': 12.044130791369648, 'boxes': [{'xmin': 357, 'ymin': 753, 'xmax': 1011, 'ymax': 970, 'class': 'chickenbroth', 'confidence': 0.29800892}], 'img_width': 1440, 'img_height': 1920}
25 1614138832617


0 30
1 NoSide
2 0.014272567
3 0.017185587
4 0.0004263036
5 0.07380094
6 0.865233
7 0.49590853
8 0.0
9 0.0
10 0.0
11 0.0
12 0.0
13 0.0
14 0.0
15 0.0
16 0.0
17 simd_float4x4([[0.27929014, -0.49529785, 0.82260376, 0.0], [0.9573664, 0.07779343, -0.2782045, 0.0], [0.07380094, 0.865233, 0.49590853, 0.0], [0.014272567, 0.017185587, 0.0004263036, 0.99999994]])
18 simd_float4x4([[0.0, 0.0, 0.0, 0.0], [0.0, 0.0, 0.0, 0.0], [0.0, 0.0, 0.0, 0.0], [0.0, 0.0, 0.0, 0.0]])
19 simd_float4x4([[0.0, 0.0, 0.0, 0.0], [0.0, 0.0, 0.0, 0.0], [0.0, 0.0, 0.0, 0.0], [0.0, 0.0, 0.0, 0.0]])
20 False
21 False
22 False
23 False
24 {'hand_area': 0, 'blurriness': 19.589208599388318, 'boxes': [{'xmin': 364, 'ymin': 754, 'xmax': 1011, 'ymax': 968, 'class': 'chickenbroth', 'confidence': 0.5199186}], 'img_width': 1440, 'img_height': 1920}
25 1614138832808


{'userId': 'B2803393-73CE-4F25-B9F1-410D2A37D0DE', 'category': 'Spice', 'type': 'getSetDescriptor', 'object_name': 'Knife', 'time': '1614262049154'}
B2803393-73CE-4F25-B9F1-410D2A37D0DE getSetDescriptor Spice None
0 1
1 NoSide
2 0.0
3 0.0
4 0.0
5 0.020989403
6 0.8769357
7 0.48014918
8 0.0
9 0.0
10 0.0
11 0.0
12 0.0
13 0.0
14 0.0
15 0.0
16 0.0
17 simd_float4x4([[0.32214788, -0.46057287, 0.8270994, 0.0], [0.9464567, 0.13731872, -0.29217014, 0.0], [0.020989403, 0.8769357, 0.48014918, 0.0], [0.0, 0.0, 0.0, 1.0]])
18 simd_float4x4([[0.0, 0.0, 0.0, 0.0], [0.0, 0.0, 0.0, 0.0], [0.0, 0.0, 0.0, 0.0], [0.0, 0.0, 0.0, 0.0]])
19 simd_float4x4([[0.0, 0.0, 0.0, 0.0], [0.0, 0.0, 0.0, 0.0], [0.0, 0.0, 0.0, 0.0], [0.0, 0.0, 0.0, 0.0]])
20 False
21 False
22 False
23 False
24 {'hand_area': 0, 'blurriness': 3.63369138735966, 'boxes': [{'xmin': 388, 'ymin': 722, 'xmax': 1084, 'ymax': 951, 'class': 'dill', 'confidence': 0.4889918}, {'xmin': 388, 'ymin': 722, 'xmax': 1084, 'ymax': 951, 'class': 'cocacola', 'confidence': 0.34588173}], 'img_width': 1440, 'img_height': 1920}
25 1614138819331


0 2
1 NoSide
2 0.00579707
3 0.0042369645
4 0.0003689453
5 0.006376434
6 0.87698746
7 0.48047075
8 0.0
9 0.0
10 0.0
11 0.0
12 0.0
13 0.0
14 0.0
15 0.0
16 0.0
17 simd_float4x4([[0.32007688, -0.4569921, 0.82988495, 0.0], [0.9473701, 0.14849585, -0.2836174, 0.0], [0.006376434, 0.87698746, 0.48047075, 0.0], [0.00579707, 0.0042369645, 0.0003689453, 0.99999994]])
18 simd_float4x4([[0.0, 0.0, 0.0, 0.0], [0.0, 0.0, 0.0, 0.0], [0.0, 0.0, 0.0, 0.0], [0.0, 0.0, 0.0, 0.0]])
19 simd_float4x4([[0.0, 0.0, 0.0, 0.0], [0.0, 0.0, 0.0, 0.0], [0.0, 0.0, 0.0, 0.0], [0.0, 0.0, 0.0, 0.0]])
20 False
21 False
22 False
23 False
24 {'hand_area': 0, 'blurriness': 15.743536567089356, 'boxes': [{'xmin': 345, 'ymin': 722, 'xmax': 1055, 'ymax': 928, 'class': 'chickenbroth', 'confidence': 0.67225033}], 'img_width': 1440, 'img_height': 1920}
25 1614138820871


0 3
1 NoSide
2 0.0062081977
3 0.0048070266
4 0.0004940311
5 0.011638632
6 0.8762612
7 0.48169568
8 0.0
9 0.0
10 0.0
11 0.0
12 0.0
13 0.0
14 0.0
15 0.0
16 0.0
17 simd_float4x4([[0.3189743, -0.45981443, 0.8287497, 0.0], [0.9476919, 0.14400302, -0.2848564, 0.0], [0.011638632, 0.8762612, 0.48169568, 0.0], [0.0062081977, 0.0048070266, 0.0004940311, 0.9999999]])
18 simd_float4x4([[0.0, 0.0, 0.0, 0.0], [0.0, 0.0, 0.0, 0.0], [0.0, 0.0, 0.0, 0.0], [0.0, 0.0, 0.0, 0.0]])
19 simd_float4x4([[0.0, 0.0, 0.0, 0.0], [0.0, 0.0, 0.0, 0.0], [0.0, 0.0, 0.0, 0.0], [0.0, 0.0, 0.0, 0.0]])
20 False
21 False
22 False
23 False
24 {'hand_area': 0, 'blurriness': 16.219456993583265, 'boxes': [{'xmin': 350, 'ymin': 730, 'xmax': 1067, 'ymax': 931, 'class': 'chickenbroth', 'confidence': 0.48691803}], 'img_width': 1440, 'img_height': 1920}
25 1614138821281


0 4
1 NoSide
2 0.006136134
3 0.0049246005
4 0.00029180746
5 0.014034622
6 0.87815124
7 0.47817707
8 0.0
9 0.0
10 0.0
11 0.0
12 0.0
13 0.0
14 0.0
15 0.0
16 0.0
17 simd_float4x4([[0.3159685, -0.45761454, 0.8311153, 0.0], [0.94866586, 0.1394245, -0.2838906, 0.0], [0.014034622, 0.87815124, 0.47817707, 0.0], [0.006136134, 0.0049246005, 0.00029180746, 0.9999999]])
18 simd_float4x4([[0.0, 0.0, 0.0, 0.0], [0.0, 0.0, 0.0, 0.0], [0.0, 0.0, 0.0, 0.0], [0.0, 0.0, 0.0, 0.0]])
19 simd_float4x4([[0.0, 0.0, 0.0, 0.0], [0.0, 0.0, 0.0, 0.0], [0.0, 0.0, 0.0, 0.0], [0.0, 0.0, 0.0, 0.0]])
20 False
21 False
22 False
23 False
24 {'hand_area': 0, 'blurriness': 17.057681867150905, 'boxes': [{'xmin': 360, 'ymin': 729, 'xmax': 1061, 'ymax': 929, 'class': 'chickenbroth', 'confidence': 0.5548353}], 'img_width': 1440, 'img_height': 1920}
25 1614138821376


0 5
1 NoSide
2 0.006612438
3 0.005099358
4 -0.00013036281
5 0.013053405
6 0.87898844
7 0.47666427
8 0.0
9 0.0
10 0.0
11 0.0
12 0.0
13 0.0
14 0.0
15 0.0
16 0.0
17 simd_float4x4([[0.31161916, -0.45654026, 0.8333453, 0.0], [0.95011747, 0.13765971, -0.2798691, 0.0], [0.013053405, 0.87898844, 0.47666427, 0.0], [0.006612438, 0.005099358, -0.00013036281, 0.99999994]])
18 simd_float4x4([[0.0, 0.0, 0.0, 0.0], [0.0, 0.0, 0.0, 0.0], [0.0, 0.0, 0.0, 0.0], [0.0, 0.0, 0.0, 0.0]])
19 simd_float4x4([[0.0, 0.0, 0.0, 0.0], [0.0, 0.0, 0.0, 0.0], [0.0, 0.0, 0.0, 0.0], [0.0, 0.0, 0.0, 0.0]])
20 False
21 False
22 False
23 False
24 {'hand_area': 0, 'blurriness': 13.772647849696368, 'boxes': [{'xmin': 343, 'ymin': 727, 'xmax': 1062, 'ymax': 926, 'class': 'chickenbroth', 'confidence': 0.46061566}], 'img_width': 1440, 'img_height': 1920}
25 1614138821451


0 6
1 NoSide
2 0.006608098
3 0.004208607
4 -0.000697462
5 0.011516186
6 0.88077515
7 0.4733946
8 0.0
9 0.0
10 0.0
11 0.0
12 0.0
13 0.0
14 0.0
15 0.0
16 0.0
17 simd_float4x4([[0.30909386, -0.45337546, 0.8360093, 0.0], [0.9509618, 0.13669571, -0.27746338, 0.0], [0.011516186, 0.88077515, 0.4733946, 0.0], [0.006608098, 0.004208607, -0.000697462, 0.9999999]])
18 simd_float4x4([[0.0, 0.0, 0.0, 0.0], [0.0, 0.0, 0.0, 0.0], [0.0, 0.0, 0.0, 0.0], [0.0, 0.0, 0.0, 0.0]])
19 simd_float4x4([[0.0, 0.0, 0.0, 0.0], [0.0, 0.0, 0.0, 0.0], [0.0, 0.0, 0.0, 0.0], [0.0, 0.0, 0.0, 0.0]])
20 False
21 False
22 False
23 False
24 {'hand_area': 0, 'blurriness': 18.44080242413062, 'boxes': [{'xmin': 345, 'ymin': 717, 'xmax': 1048, 'ymax': 923, 'class': 'chickenbroth', 'confidence': 0.7505039}], 'img_width': 1440, 'img_height': 1920}
25 1614138821602


0 7
1 NoSide
2 0.006608098
3 0.004208607
4 -0.000697462
5 0.011516186
6 0.88077515
7 0.4733946
8 0.0
9 0.0
10 0.0
11 0.0
12 0.0
13 0.0
14 0.0
15 0.0
16 0.0
17 simd_float4x4([[0.30909386, -0.45337546, 0.8360093, 0.0], [0.9509618, 0.13669571, -0.27746338, 0.0], [0.011516186, 0.88077515, 0.4733946, 0.0], [0.006608098, 0.004208607, -0.000697462, 0.9999999]])
18 simd_float4x4([[0.0, 0.0, 0.0, 0.0], [0.0, 0.0, 0.0, 0.0], [0.0, 0.0, 0.0, 0.0], [0.0, 0.0, 0.0, 0.0]])
19 simd_float4x4([[0.0, 0.0, 0.0, 0.0], [0.0, 0.0, 0.0, 0.0], [0.0, 0.0, 0.0, 0.0], [0.0, 0.0, 0.0, 0.0]])
20 False
21 False
22 False
23 False
24 {'hand_area': 0, 'blurriness': 18.44080242413062, 'boxes': [{'xmin': 345, 'ymin': 717, 'xmax': 1048, 'ymax': 923, 'class': 'chickenbroth', 'confidence': 0.7505039}], 'img_width': 1440, 'img_height': 1920}
25 1614138821806


0 8
1 NoSide
2 0.006608098
3 0.004208607
4 -0.000697462
5 0.011516186
6 0.88077515
7 0.4733946
8 0.0
9 0.0
10 0.0
11 0.0
12 0.0
13 0.0
14 0.0
15 0.0
16 0.0
17 simd_float4x4([[0.30909386, -0.45337546, 0.8360093, 0.0], [0.9509618, 0.13669571, -0.27746338, 0.0], [0.011516186, 0.88077515, 0.4733946, 0.0], [0.006608098, 0.004208607, -0.000697462, 0.9999999]])
